-34.486571 -34.786373 -32.508982
-35.841734 -41.800328 -69.770486
-36.244536 -40.477704 -56.043558
-42.182334 -34.740130 -49.647338
-32.949962 -35.221451 -32.096613
-46.492448 -51.894847 -51.385932
-34.145332 -47.778561 -63.247956
-32.814977 -32.738989 -39.677146
-31.131869 -29.741183 -37.356169
-30.127485 -49.532476 -50.780000
-35.576812 -30.334706 -34.755699
-44.963495 -30.287263 -47.719860
-27.578837 -27.713682 -26.976732
-32.796428 -27.636774 -65.457406
-27.547691 -41.313154 -54.769913
-27.513604 -31.511088 -38.080056
-25.904452 -29.551462 -66.339978
-29.175936 -36.858017 -66.827406
-30.126498 -25.864777 -34.204879
-26.925492 -25.087892 -25.038087
-22.974183 -24.375035 -24.668643
-28.382247 -22.619896 -33.005570
-22.761729 -23.611073 -27.169255
-28.276313 -31.618258 -23.738274
-20.560411 -26.281620 -58.790704
-23.954915 -30.424084 -55.296172
-20.484796 -28.297970 -21.635526
-25.446694 -20.326774 -30.708087
-18.025661 -18.927260 -25.422926
-25.518545 -18.817371 -27.296242
-27.409554 -27.009265 -20.358419
-24.256941 -18.303978 -21.405755
-16.088831 -22.471686 -36.522659
-24.026561 -16.492703 -41.346805
-16.246020 -11.891580 -12.208694
-17.177589 -15.385906 -34.986045
-7.670361 -28.014489 -28.326252
-11.629603 -8.734708 -14.257024
-8.740460 -15.748055 -15.923156
-9.091550 -9.176136 -10.150487
-1.129600 -1.129600 -0.805600
-1.152640 -1.152640 -1.174758
-1.967627 -1.506534 -1.802310
-12.654461 -12.957751 -21.063489
0.000000 0.000000 0.000000
-0.350832 -0.300000 0.000000
-1.128864 -1.078032 -13.164330
-0.604200 -0.300000 27.792128
0.000000 0.000000 0.000000
0.000000 0.000000 0.000000
0.000000 0.000000 0.000000
0.000000 0.000000 0.000000
0.000000 0.000000 0.000000
0.000000 0.000000 0.000000
0.000000 0.000000 0.000000
0.000000 0.000000 0.000000
-26.641888 -25.152513 -28.734660
-25.952019 -25.144475 -27.017121
-25.074929 -27.092317 -35.069687
-25.093522 -26.578402 -43.312914
-23.228139 -21.019717 -28.458735
-27.107354 -27.606576 -22.577593
-28.464964 -22.041203 -63.848238
-31.017315 -22.846714 -82.167110
-14.338048 -18.738088 -13.417828
-22.587131 -14.959900 -14.935310
-17.767146 -24.574576 -51.878940
-25.898966 -19.965286 -32.415142
-33.107812 -30.049330 -65.228441
-36.132887 -30.090837 -47.561599
-30.293420 -31.599674 -46.390586
-30.026388 -32.242309 -38.409020
-18.213440 -27.261152 -48.036757
-21.313661 -17.983460 -33.296242
-20.339358 -28.062962 -45.174321
-18.167888 -21.959138 -35.870746
-5.953609 -6.394680 -11.575856
-17.410241 -16.905736 -24.108450
-18.896113 -23.380700 -35.489522
-10.922324 -9.419694 -18.219447
-3.141975 -12.431054 -12.300889
-1.901025 -1.587145 -1.197946
-3.143098 -3.308091 -11.840830
-3.764203 -3.754940 -3.587486
0.000000 0.000000 0.000000
0.000000 0.000000 0.000000
-0.300000 -0.300000 -0.300000
-0.300000 -0.300000 -12.203301
-0.200000 -0.200000 0.000000
-0.200000 -0.200000 -11.997659
-0.392000 -0.380000 -0.200000
-0.200000 0.000000 0.000000
0.000000 0.000000 0.000000
0.000000 0.000000 0.000000
0.000000 0.000000 0.000000
0.000000 0.000000 0.000000
